 D02EBF Example Program Results
 
 Calculating Jacobian internally
 
  Calculation with TOL =  .1D-02
      X         Y(1)         Y(2)         Y(3)
      .00      1.00000       .00000       .00000
     2.00       .94163       .00003       .05834
     4.00       .90551       .00002       .09447
     6.00       .87930       .00002       .12068
     8.00       .85858       .00002       .14140
    10.00       .84136       .00002       .15862
 
  Calculation with TOL =  .1D-03
      X         Y(1)         Y(2)         Y(3)
      .00      1.00000       .00000       .00000
     2.00       .94161       .00003       .05837
     4.00       .90551       .00002       .09446
     6.00       .87926       .00002       .12072
     8.00       .85854       .00002       .14145
    10.00       .84136       .00002       .15863
 
 Calculating Jacobian by PEDERV
 
  Calculation with TOL =  .1D-02
      X         Y(1)         Y(2)         Y(3)
      .00      1.00000       .00000       .00000
     2.00       .94163       .00003       .05834
     4.00       .90551       .00002       .09447
     6.00       .87930       .00002       .12068
     8.00       .85858       .00002       .14140
    10.00       .84136       .00002       .15862
 
  Calculation with TOL =  .1D-03
      X         Y(1)         Y(2)         Y(3)
      .00      1.00000       .00000       .00000
     2.00       .94161       .00003       .05837
     4.00       .90551       .00002       .09446
     6.00       .87926       .00002       .12072
     8.00       .85854       .00002       .14145
    10.00       .84136       .00002       .15863
