 F08HEF Example Program Results
 
 Eigenvalues
    -2.9943  -.7000  1.9974  4.9969
 
 Eigenvectors
          1       2       3       4
 1   -.0251   .0162   .0113   .9995
 2    .0656  -.5859   .8077   .0020
 3    .9002  -.3135  -.3006   .0311
 4    .4298   .7471   .5070  -.0071
