 G02CEF Example Program Results
 
 Original vector XM   :       5.8000    2.8000    1.8000    5.4000
 
 Original vector STD  :       5.0695    1.9240    2.5884    4.9800
 
 Original matrix SSP  :
   102.8000  -29.2000  -14.2000  -57.6000
   -29.2000   14.8000   -6.2000    6.4000
   -14.2000   -6.2000   28.6000   42.4000
   -57.6000    6.4000   42.4000   99.2000
 
 Original matrix CORR :
     1.0000    -.7486    -.2619    -.5704
     -.7486    1.0000    -.3014     .1670
     -.2619    -.3014    1.0000     .7960
     -.5704     .1670     .7960    1.0000
 
 New vector XMX   :       5.4000    5.8000    2.8000
 
 New vector STDX  :       4.9800    5.0695    1.9240
 
 New matrix SSPX  :
    99.2000  -57.6000    6.4000
   -57.6000  102.8000  -29.2000
     6.4000  -29.2000   14.8000
 
 New matrix CORRX :
     1.0000    -.5704     .1670
     -.5704    1.0000    -.7486
      .1670    -.7486    1.0000
