G03CAF Example Program Data
'C' 'U' 211 9  9 3
 1.000 0.523 0.395 0.471 0.346 0.426 0.576 0.434 0.639
 0.523 1.000 0.479 0.506 0.418 0.462 0.547 0.283 0.645
 0.395 0.479 1.000 0.355 0.270 0.254 0.452 0.219 0.504
 0.471 0.506 0.355 1.000 0.691 0.791 0.443 0.285 0.505
 0.346 0.418 0.270 0.691 1.000 0.679 0.383 0.149 0.409
 0.426 0.462 0.254 0.791 0.679 1.000 0.372 0.314 0.472
 0.576 0.547 0.452 0.443 0.383 0.372 1.000 0.385 0.680
 0.434 0.283 0.219 0.285 0.149 0.314 0.385 1.000 0.470
 0.639 0.645 0.504 0.505 0.409 0.472 0.680 0.470 1.000
  1    1    1   1    1   1   1   1   1
1 -1 500 2 5
