F02WEF Example Program Data
 
Example 1
  5     3                       :Values of M and N
 
  2.0   2.5   2.5
  2.0   2.5   2.5
  1.6  -0.4   2.8
  2.0  -0.5   0.5
  1.2  -0.3  -2.9               :End of matrix A
 
  1.1   0.9   0.6   0.0  -0.8   :End of vector B
 
Example 2
  3     5                       :Values of M and N
 
  2.0   2.0   1.6   2.0   1.2
  2.5   2.5  -0.4  -0.5  -0.3
  2.5   2.5   2.8   0.5  -2.9   :End of matrix A
