G02CEF Example Program Data
5.8000    2.8000    1.8000    5.4000
5.0695    1.9240    2.5884    4.9800
102.8000  -29.2000  -14.2000  -57.6000
-29.2000  14.8000   -6.2000   6.4000
-14.2000  -6.2000   28.6000   42.4000
-57.6000  6.4000    42.4000   99.2000
1.0000    -0.7486   -0.2619   -0.5704
-0.7486   1.0000    -0.3014   0.1670
-0.2619   -0.3014   1.0000    0.7960
-0.5704   0.1670    0.7960    1.0000
