 F02WDF Example Program Results
 
 Rank of A is    4
 
 Details of QU factorization
   -49.652  -44.409   20.354   -8.882
      .403  -48.277   -9.589  -20.376
     -.307     .837   52.927  -48.881
      .549    -.391    -.836  -50.674
     -.347    -.258    -.185     .632
      .347     .258     .185    -.632
 
 Vector Z
     1.448    1.115    1.482    1.448
 
 Matrix R
     -.564     .634     .423     .317
     -.351     .395    -.679    -.509
     -.640    -.569     .309    -.413
     -.386    -.343    -.514     .685
 
 Singular values
    91.000   68.250   45.500   22.750
 
 Matrix P**T
      .308     .462    -.462     .692
     -.462    -.692    -.308     .462
     -.462     .308     .692     .462
     -.692     .462    -.462    -.308
