 F08JEF Example Program Results
 
 Eigenvalues
    -7.0037  -.4059  2.0028  8.9968
 
 Eigenvectors
          1       2       3       4
 1    .9995  -.0109  -.0167  -.0255
 2    .0310   .1627   .3408   .9254
 3    .0089   .5170   .7696  -.3746
 4    .0014   .8403  -.5397   .0509
