 F08KFF Example Program Results
 
 Example 1: singular values
     3.9987  3.0005  1.9967   .9999
 
 Example 1: right singular vectors, by row
          1       2       3       4
 1    .8251  -.2794   .2048   .4463
 2   -.4530  -.2121  -.2622   .8252
 3   -.2829  -.7961   .4952  -.2026
 4    .1841  -.4931  -.8026  -.2807
 
 Example 1: left singular vectors, by column
          1       2       3       4
 1   -.0203   .2794   .4690   .7692
 2   -.7284  -.3464  -.0169  -.0383
 3    .4393  -.4955  -.2868   .0822
 4   -.4678   .3258  -.1536  -.1636
 5   -.2200  -.6428   .1125   .3572
 6   -.0935   .1927  -.8132   .4957
 
 Example 2: singular values
     7.9987  7.0059  5.9952  4.9989
 
 Example 2: right singular vectors, by row
          1       2       3       4       5       6
 1   -.7933   .3163  -.3342  -.1514   .2142   .3001
 2    .1002   .6442   .4371   .4890   .3771   .0501
 3    .0111   .1724  -.6367   .4354  -.0430  -.6111
 4    .2361   .0216  -.1025  -.5286   .7460  -.3120
 
 Example 2: left singular vectors, by column
          1       2       3       4
 1    .8884   .1275   .4331   .0838
 2    .0733  -.8264   .1943  -.5234
 3   -.0361   .5435   .0756  -.8352
 4    .4518  -.0733  -.8769  -.1466
