 F08MEF Example Program Results
 
 Singular values
     4.0001  3.0006  1.9960   .9998
 
 Right singular vectors, by row
          1       2       3       4
 1    .8261   .5246   .2024   .0369
 2    .4512  -.4056  -.7350  -.3030
 3    .2823  -.5644   .1731   .7561
 4    .1852  -.4916   .6236  -.5789
 
 Left singular vectors, by column
          1       2       3       4
 1    .9129   .3740   .1556   .0512
 2   -.3935   .7005   .5489   .2307
 3    .1081  -.5904   .6173   .5086
 4   -.0132   .1444  -.5417   .8280
