 G08EAF Example Program Results
 
 Total number of runs found =       4970
 
                              Count
           1        2        3        4        5       >5
        1609     2115      898      288       47       13
 
                              Expect
           1        2        3        4        5       >5
     1667.00  2082.96   916.37   263.77    57.51    11.90
 
                        Covariance matrix
           1        2        3        4        5       >5
  1  1277.98  -194.57  -148.83   -71.58   -22.92    -6.67
  2  -194.57  1409.86  -490.46  -197.21   -55.19   -14.35
  3  -148.83  -490.46   601.26  -117.40   -31.23    -7.79
  4   -71.58  -197.21  -117.40   222.03   -10.75    -2.61
  5   -22.92   -55.19   -31.23   -10.75    54.80     -.65
  6    -6.67   -14.35    -7.79    -2.61     -.65    11.75
 
 Chisq =     9.7612
 DF    =     6.0
 Prob  =      .1351
