 G13DBF Example Program Results
 
 Number of valid parameters =         3
 
 Multivariate partial autocorrelations
       .64498      .92669      .84300
 
 Zero lag predictor error variance determinant
 followed by error variance ratios
       .00000      .35502      .02603      .00409
 
 Prediction error variances
 
 Lag =    1
       .00811     -.00511      .00159     -.00029
      -.00511      .04089      .00757      .01843
       .00159      .00757      .03834     -.01894
      -.00029      .01843     -.01894      .06760
 
 Lag =    2
       .00354     -.00087     -.00075     -.00105
      -.00087      .01946      .00535      .00566
      -.00075      .00535      .01900     -.01071
      -.00105      .00566     -.01071      .04058
 
 Lag =    3
       .00301     -.00087     -.00054      .00065
      -.00087      .01824      .00872      .00247
      -.00054      .00872      .00935     -.00216
       .00065      .00247     -.00216      .02254
 
 Last backward prediction error variances
 
 Lag =    3
       .00331     -.00392     -.00106      .00592
      -.00392      .01890      .00348     -.00330
      -.00106      .00348      .01003     -.01054
       .00592     -.00330     -.01054      .03336
 
 Prediction coefficients
 
 Lag =    1
       .81861      .23399     -.17097      .09256
       .06738     -.48720     -.14064      .04295
       .15036      .11924     -.36725     -.42092
      -.70971      .02998      .59779      .34610
 
 Lag =    2
      -.34049     -.13370      .40610     -.02183
     -1.27574     -.13591     -.65779     -.11267
      -.45439      .19379      .63420      .33920
      -.43237     -.54848     -.62897      .16670
 
 Lag =    3
       .16437      .13858      .01290      .03463
       .39291      .07407     -.08802     -.15361
     -1.29240     -.24489      .30235      .39442
       .89768     -.39040      .25151     -.28304
 
 Backward prediction coefficients
 
 Lag =    1
       .41541      .06149      .15319      .05079
       .12370     -.26471     -.22721      .48503
      -.86933     -.47373      .37924      .13814
      1.30779     -.09178    -1.45398     -.21967
 
 Lag =    2
      -.06740     -.12255     -.13673     -.09730
     -1.24801      .03090      .51706     -.28925
       .98045     -.20194      .16307     -.10869
     -1.68389     -.74589      .52900      .41580
 
 Lag =    3
       .03794      .10491     -.21635      .08015
       .75392      .22603     -.25661     -.47450
      -.00338      .05636     -.08818      .12723
       .55022     -.41232      .71649     -.14565
